0 0.52109375 0.47265625 0.128125 0.1875
0 0.69375 0.4640625 0.1203125 0.1875
0 0.3609375 0.54609375 0.1296875 0.2125
0 0.3015625 0.5875 0.09375 0.1625
0 0.459375 0.37265625 0.0890625 0.134375
0 0.5828125 0.340625 0.0890625 0.1375
0 0.0171875 0.490625 0.034375 0.121875
0 0.15234375 0.44375 0.08125 0.1328125
0 0.15703125 0.36953125 0.071875 0.1140625
0 0.6875 0.36796875 0.1 0.1296875
0 0.11328125 0.49453125 0.071875 0.13125
0 0.08828125 0.4015625 0.0703125 0.1046875
0 0.56171875 0.42421875 0.0734375 0.128125
0 0.02265625 0.45234375 0.0453125 0.1015625