1 0.034375 0.2984375 0.04375 0.184375
0 0.50234375 0.4859375 0.1140625 0.16875
0 0.34765625 0.478125 0.109375 0.16875
0 0.646875 0.55234375 0.1171875 0.190625
0 0.7015625 0.5890625 0.084375 0.1453125
0 0.5578125 0.3953125 0.0796875 0.1203125
0 0.44609375 0.36796875 0.08125 0.1234375
0 0.97109375 0.5046875 0.0578125 0.1125
0 0.83515625 0.4609375 0.0734375 0.1203125
0 0.83125 0.39375 0.065625 0.103125
0 0.35234375 0.39140625 0.090625 0.1171875
0 0.8703125 0.50546875 0.065625 0.11875
0 0.89296875 0.42265625 0.0640625 0.09375
0 0.465625 0.4421875 0.0671875 0.115625
0 0.95703125 0.46875 0.053125 0.090625